Version 0.9.7
5
 4 10 175 77 128 0 1
 5 80 400 206 81 2 2
 3 753 550 203 58 8 3
 0 254 145 877 276 17 4
 1 278 426 206 81 149 5
 0
50
 255 5 71 189 71 189 71 189 71 159 307 159 307 159 0 1 0 4
 0 5 307 406 307 406 71 406 71 406 71 288 71 288 0 4 0 1
 0 5 293 495 293 495 320 495 320 495 320 406 320 406 0 5 0 4
 255 5 293 437 293 437 99 437 99 202 71 202 71 202 0 5 0 1
 0 5 307 172 307 172 122 172 122 275 71 275 71 275 0 4 0 1
 255 5 333 250 333 250 333 250 333 159 333 159 333 159 0 4 0 4
 0 5 411 315 411 315 411 315 411 406 411 406 411 406 0 4 0 4
 255 5 944 250 944 250 944 250 944 159 944 159 944 159 0 4 0 4
 0 5 1035 315 1035 315 1035 315 1035 406 1035 406 1035 406 0 4 0 4
 0 5 764 587 764 587 762 587 762 587 762 406 762 406 0 3 0 4
 255 5 450 250 450 250 450 250 450 159 450 159 450 159 0 4 0 4
 0 5 528 315 528 315 528 315 528 406 528 406 528 406 0 4 0 4
 0 5 645 315 645 315 645 315 645 406 645 406 645 406 0 4 0 4
 255 5 567 250 567 250 567 250 567 159 567 159 567 159 0 4 0 4
 33023 5 334 463 334 463 334 354 334 354 333 354 333 354 0 5 0 4
 33023 5 333 341 333 341 333 336 450 336 450 315 450 315 0 4 0 4
 33023 5 333 328 333 328 333 335 567 335 567 315 567 315 0 4 0 4
 8388736 5 346 354 346 354 346 354 372 354 372 463 372 463 0 4 0 5
 8388736 5 346 341 346 341 346 344 580 344 580 315 580 315 0 4 0 4
 33023 5 333 315 333 315 333 322 684 322 684 315 684 315 0 4 0 4
 8388736 5 346 328 346 328 697 328 697 328 697 315 697 315 0 4 0 4
 255 5 684 250 684 250 684 250 684 159 684 159 684 159 0 4 0 4
 65793 5 762 315 762 315 762 406 762 406 749 406 749 406 0 4 0 4
 0 5 905 315 905 315 905 315 905 406 905 406 905 406 0 4 0 4
 255 5 814 250 814 250 814 250 814 159 814 159 814 159 0 4 0 4
 16711680 5 372 315 372 315 372 381 944 381 944 315 944 315 0 4 0 4
 16711680 5 463 315 463 315 463 374 957 374 957 315 957 315 0 4 0 4
 16711680 5 593 315 593 315 593 368 970 368 970 315 970 315 0 4 0 4
 16711680 5 710 315 710 315 710 362 983 362 983 315 983 315 0 4 0 4
 65280 5 1009 315 1009 315 1009 541 929 541 929 594 939 594 0 4 0 3
 65280 5 1022 315 1022 315 1022 315 1022 406 1022 406 1022 406 0 4 0 4
 65280 5 892 315 892 315 892 315 892 406 892 406 892 406 0 4 0 4
 33023 5 346 211 346 211 296 211 296 423 353 423 353 463 0 4 0 5
 8388736 5 391 463 391 416 304 416 304 211 359 211 359 211 0 5 0 4
 33023 5 346 224 346 224 346 231 463 231 463 224 463 224 0 4 0 4
 33023 5 346 237 346 237 346 243 580 243 580 237 580 237 0 4 0 4
 33023 5 346 250 346 250 346 257 697 257 697 250 697 250 0 4 0 4
 8388736 5 359 224 359 224 359 224 593 224 593 224 593 224 0 4 0 4
 8388736 5 359 237 359 237 359 237 710 237 710 237 710 237 0 4 0 4
 16711680 5 372 250 372 250 372 182 827 182 827 250 827 250 0 4 0 4
 16711680 5 476 250 476 250 476 188 840 188 840 250 840 250 0 4 0 4
 16711680 5 853 250 853 250 853 194 606 194 606 250 606 250 0 4 0 4
 16711680 5 723 250 723 250 723 200 866 200 866 250 866 250 0 4 0 4
 65280 5 919 594 912 594 912 539 879 539 879 315 879 315 0 3 0 4
 65535 5 879 250 879 250 880 250 880 159 879 159 879 159 0 4 0 4
 65535 5 892 250 892 250 892 250 892 172 892 172 892 172 0 4 0 4
 65535 5 905 250 905 250 905 250 905 172 905 172 905 172 0 4 0 4
 65535 5 1009 250 1009 250 1009 250 1009 159 1009 159 1009 159 0 4 0 4
 65535 5 1022 250 1022 250 1022 250 1022 172 1022 172 1022 172 0 4 0 4
 65535 5 1035 250 1035 250 1035 250 1035 172 1035 172 1035 172 0 4 0 4
6
 7151 1 16 938 263 5 0 -1298672554 -2 4
 7008 1 14 327 263 5 0 -1298672554 -2 4
 7004 1 14 444 263 5 0 -1298672554 -2 4
 7032 1 14 561 263 5 0 -1298672554 -2 4
 7086 1 14 678 263 5 0 -1298672554 -2 4
 7151 1 16 808 263 5 0 -1298672554 -2 4
