Version 0.9.7
5
 4 10 175 77 128 0 1
 5 80 400 206 81 2 2
 3 619 21 203 58 8 3
 1 397 86 206 81 17 4
 0 234 214 877 276 27 5
 0
24
 255 5 71 228 71 228 71 228 287 228 287 228 287 228 0 1 0 5
 0 5 71 288 71 288 152 288 152 241 287 241 287 241 0 1 0 5
 255 5 404 228 404 228 404 228 404 319 404 319 404 319 0 5 0 5
 0 5 71 275 71 275 71 462 71 462 287 462 287 462 0 1 0 5
 0 5 482 384 482 384 482 384 482 462 482 462 482 462 0 5 0 5
 255 5 412 97 412 97 300 97 300 97 300 228 300 228 0 4 0 5
 0 5 412 155 412 155 313 155 313 155 313 241 313 241 0 4 0 5
 0 5 630 58 630 58 630 13 859 13 859 241 859 241 0 3 0 5
 255 5 508 319 508 319 508 319 508 228 508 228 508 228 0 5 0 5
 0 5 586 384 586 384 586 384 586 462 586 462 586 462 0 5 0 5
 65535 5 529 123 520 123 520 168 417 168 417 319 417 319 0 4 0 5
 65535 5 521 319 521 319 521 110 521 110 529 110 529 110 0 5 0 4
 65280 5 430 319 430 319 430 178 538 178 538 123 548 123 0 5 0 4
 65280 5 534 319 534 319 538 319 538 110 548 110 548 110 0 5 0 4
 16711680 5 586 319 586 319 586 190 705 190 705 65 705 65 0 5 0 3
 255 5 612 319 612 319 612 319 612 228 612 228 612 228 0 5 0 5
 0 5 690 462 690 462 690 462 690 384 690 384 690 384 0 5 0 5
 16711680 5 651 319 651 319 651 204 725 204 725 65 725 65 0 5 0 3
 33023 5 443 319 443 319 443 254 625 254 625 319 625 319 0 5 0 5
 33023 5 482 319 482 319 482 254 638 254 638 319 638 319 0 5 0 5
 8388863 5 472 123 472 123 465 123 465 319 469 319 469 319 0 4 0 5
 16776960 5 560 319 560 319 560 319 547 319 547 319 547 319 0 5 0 5
 16776960 5 547 306 547 306 547 263 456 263 456 319 456 319 0 5 0 5
 8388863 5 573 319 573 319 573 204 464 204 464 110 472 110 0 5 0 4
3
 7008 1 14 398 332 5 0 -1603034478 -2 5
 7086 1 14 502 332 5 0 -1603034478 -2 5
 7032 1 14 606 332 5 0 -1603034478 -2 5
