Version 0.9.7
6
 4 10 175 77 128 0 1
 5 100 400 206 81 2 2
 0 437 353 877 276 8 3
 6 636 61 449 130 149 5
 1 207 308 206 81 182 6
 3 212 227 203 58 192 7
 0
11
 255 5 71 189 71 189 71 88 71 88 652 88 652 88 0 1 0 5
 255 5 71 202 71 202 490 202 490 202 490 367 490 367 0 1 0 3
 0 5 71 288 71 288 71 377 71 377 222 377 222 377 0 1 0 6
 255 5 71 215 71 215 222 215 222 215 222 319 222 319 0 1 0 6
 0 5 223 264 223 264 71 264 71 264 71 275 71 275 0 7 0 1
 255 5 750 458 750 458 750 458 750 367 750 367 750 367 0 3 0 3
 0 5 750 523 750 523 750 523 750 614 750 614 750 614 0 3 0 3
 0 5 490 614 490 614 71 614 71 614 71 262 71 262 0 3 0 1
 65280 5 263 332 263 332 248 332 248 271 258 271 258 271 0 6 0 7
 65280 5 263 319 263 319 263 184 263 184 673 184 673 184 0 6 0 5
 65280 5 698 419 698 419 698 345 698 345 263 345 263 345 0 3 0 6
2
 7083 1 16 692 471 5 0 2685224 24 3
 7047 1 16 887 471 5 0 11522672 0 3
