Version 0.9.7
7
 4 10 175 77 128 0 1
 5 80 400 206 81 2 2
 0 252 229 877 276 8 3
 3 471 555 203 58 140 4
 1 253 61 206 81 149 5
 1 530 58 206 81 159 6
 1 823 60 206 81 169 7
 0
28
 0 5 71 288 71 288 71 477 71 477 305 477 305 477 0 1 0 3
 0 5 482 592 482 592 318 592 318 592 318 477 318 477 0 4 0 3
 0 5 669 477 669 477 669 477 669 399 669 399 669 399 0 3 0 3
 33023 5 71 189 71 189 305 189 305 189 305 243 305 243 0 1 0 3
 33023 5 318 243 318 243 318 183 242 183 242 72 268 72 0 3 0 5
 0 5 305 256 305 256 305 254 71 254 71 249 71 249 0 3 0 1
 0 5 331 256 331 256 331 172 268 172 268 130 268 130 0 3 0 5
 65280 5 630 425 630 521 719 521 719 621 657 621 657 599 0 3 0 4
 65280 5 643 412 643 523 719 523 719 620 637 620 637 599 0 3 0 4
 65280 5 656 399 656 525 719 525 719 621 617 621 617 599 0 3 0 4
 65280 5 669 334 669 334 719 334 719 622 597 622 597 599 0 3 0 4
 0 5 838 129 838 129 838 256 838 256 825 256 825 256 0 7 0 3
 0 5 545 127 545 127 545 256 545 256 539 256 539 256 0 6 0 3
 33023 5 545 69 545 69 545 243 545 243 539 243 539 243 0 6 0 3
 33023 5 825 243 825 243 838 243 838 243 838 71 838 71 0 3 0 7
 16711680 5 591 399 591 538 1036 538 1036 54 936 54 936 71 0 3 0 7
 16711680 5 578 412 578 537 1035 537 1035 55 917 55 917 84 0 3 0 7
 16711680 5 565 425 565 537 1034 537 1034 54 898 54 898 84 0 3 0 7
 16711680 5 552 438 552 536 1035 536 1035 54 879 54 879 71 0 3 0 7
 65535 5 526 399 526 399 493 399 493 45 643 45 643 69 0 3 0 6
 65535 5 604 334 604 195 493 195 493 47 586 47 586 69 0 3 0 6
 33023 5 526 334 526 334 526 334 526 243 526 243 526 243 0 3 0 3
 65535 5 578 334 578 196 494 196 494 46 605 46 605 69 0 3 0 6
 65535 5 552 334 552 195 493 195 493 46 624 46 624 69 0 3 0 6
 255 5 539 412 539 412 474 412 474 45 442 45 442 72 0 3 0 5
 255 5 539 334 475 334 475 46 423 46 423 72 423 72 0 3 0 5
 255 5 565 334 565 334 475 334 475 45 404 45 404 72 0 3 0 5
 255 5 591 334 591 334 476 334 476 44 385 44 385 72 0 3 0 5
1
 7181 1 24 520 347 5 0 -640148287 -2 3
